SIZEOF(STRUCT BIGINT) = 24
Result of compare(G, a) : 1
Calling Signature_GENERATE() NOW!!!
ENTERED BLAKE2B!!


[SIG_GEN] BLAKE2b produced 64-byte PREHASH:

47 d3 60 12 af 24 fb 02 ec 85 16 a6 77 36 55 c0 
cf b5 58 6c 60 4d 72 3f 95 a0 ea 42 11 db 90 7b 
9a 9a 71 77 fe f7 1a f7 d3 5d 29 df 69 0e a7 4e 
4c 3e 91 9a 06 d9 3f ca 07 6c 65 32 00 b4 5a 94 

ENTERED BLAKE2B!!
Signature generator computed k:


*******************************
  BIGINT INFO                  
                               
  Bits size :  12800              
  Used bits :  319              
  Free bits :  12481              
*******************************



 | 00001000 | 00110101 | 00000010 | 00100110 | 
 | 11100100 | 01010100 | 01000000 | 11011001 | 
 | 11010010 | 11110010 | 00101111 | 11011001 | 
 | 01010001 | 00101111 | 00110011 | 10000011 | 
 | 11110100 | 10001111 | 10101101 | 01101111 | 
 | 01110111 | 11101010 | 00110101 | 01111100 | 
 | 01011101 | 00110001 | 01101010 | 10000111 | 
 | 10011000 | 10101100 | 00011000 | 10010101 | 
 | 01101001 | 00000100 | 01101011 | 10101101 | 
 | 10011111 | 00011001 | 10100100 | 01110010

k in big-endian:


 | 01110010 | 10100100 | 00011001 | 10011111 | 
 | 10101101 | 01101011 | 00000100 | 01101001 | 
 | 10010101 | 00011000 | 10101100 | 10011000 | 
 | 10000111 | 01101010 | 00110001 | 01011101 | 
 | 01111100 | 00110101 | 11101010 | 01110111 | 
 | 01101111 | 10101101 | 10001111 | 11110100 | 
 | 10000011 | 00110011 | 00101111 | 01010001 | 
 | 11011001 | 00101111 | 11110010 | 11010010 | 
 | 11011001 | 01000000 | 01010100 | 11100100 | 
 | 00100110 | 00000010 | 00110101 | 00001000

---->> We hit the R_L != 0 case at end of Mont_MUL!
---->> We hit the R_L != 0 case at end of Mont_MUL!
---->> We hit the R_L != 0 case at end of Mont_MUL!
Montgomery R = G^k mod M FINISHED!!!  R:



*******************************
  BIGINT INFO                  
                               
  Bits size :  12800              
  Used bits :  3070              
  Free bits :  9730              
*******************************



 | 11100111 | 10111110 | 11001101 | 01000101 | 
 | 01010110 | 11001000 | 00100011 | 01110111 | 
 | 10100111 | 11010011 | 00100100 | 10000000 | 
 | 11000100 | 10011000 | 10111001 | 11101110 | 
 | 10111001 | 00011110 | 01101110 | 10000110 | 
 | 10100010 | 10011110 | 00010100 | 10011100 | 
 | 10100110 | 00101010 | 01111011 | 00001110 | 
 | 01010011 | 01001000 | 01001110 | 10010000 | 
 | 01001111 | 11010110 | 01100010 | 01001011 | 
 | 10111110 | 00001111 | 10110000 | 00101011 | 
 | 11011110 | 11110101 | 11001010 | 10100011 | 
 | 10110101 | 10111101 | 01010110 | 11110001 | 
 | 01011100 | 01000011 | 11011111 | 10111001 | 
 | 00111100 | 01011011 | 11110111 | 00000010 | 
 | 10100010 | 00111011 | 10110011 | 00010011 | 
 | 11010001 | 10100101 | 10110111 | 10010001 | 
 | 11000001 | 00111100 | 11000011 | 10100011 | 
 | 00001001 | 10010111 | 00111010 | 00011010 | 
 | 00101000 | 01101101 | 11110100 | 10011100 | 
 | 01001010 | 10010111 | 01101011 | 00110001 | 
 | 00011001 | 10011000 | 11100001 | 10110000 | 
 | 01100000 | 01111011 | 01101000 | 01110100 | 
 | 10010100 | 01010110 | 01111101 | 11110001 | 
 | 11110100 | 00100011 | 01000110 | 11000000 | 
 | 01011101 | 10100011 | 10010111 | 01000101 | 
 | 10010000 | 00000100 | 01111111 | 10011011 | 
 | 00111000 | 10011111 | 01111101 | 00100100 | 
 | 10110100 | 10101010 | 00110110 | 11011010 | 
 | 11101001 | 10110001 | 00001001 | 11010101 | 
 | 00110010 | 00011001 | 00110000 | 11001111 | 
 | 00010001 | 10010010 | 01010111 | 10001100 | 
 | 10011010 | 10100010 | 00100011 | 01110100 | 
 | 00010101 | 10101101 | 10110100 | 00101010 | 
 | 00111101 | 10110000 | 11011010 | 10101111 | 
 | 11011011 | 11110100 | 11011100 | 01001010 | 
 | 01110111 | 10001111 | 11111101 | 10010111 | 
 | 01100010 | 01110000 | 00001011 | 00010010 | 
 | 01010100 | 01100011 | 11001101 | 10101001 | 
 | 11100100 | 10010101 | 11011011 | 10001010 | 
 | 01001111 | 11001000 | 10101111 | 10101111 | 
 | 01111000 | 11100000 | 11110100 | 11100010 | 
 | 11110010 | 01101110 | 00110100 | 00010110 | 
 | 01011101 | 00010011 | 11100100 | 10001100 | 
 | 00001101 | 01010101 | 01110100 | 01010001 | 
 | 00011110 | 11001101 | 10101100 | 11100101 | 
 | 10011110 | 00111110 | 11001011 | 10001001 | 
 | 01110010 | 11000011 | 10111100 | 10101011 | 
 | 10010111 | 11001101 | 01101001 | 00100000 | 
 | 01110101 | 00110101 | 01110010 | 11110101 | 
 | 01001100 | 10000111 | 00111110 | 01001100 | 
 | 11011011 | 10011001 | 01101010 | 01101010 | 
 | 00010111 | 11101111 | 00111000 | 00101110 | 
 | 10010110 | 11111000 | 01011101 | 11011001 | 
 | 00010111 | 11100001 | 01000100 | 10101000 | 
 | 11100000 | 10101011 | 00000001 | 01111010 | 
 | 10000111 | 11111000 | 01001110 | 10010110 | 
 | 10011000 | 10011011 | 00000000 | 11101111 | 
 | 01100110 | 10101100 | 10101010 | 01100100 | 
 | 01110100 | 10001010 | 11111010 | 10011010 | 
 | 01001100 | 00101000 | 10000001 | 11100101 | 
 | 00100001 | 10101001 | 11001010 | 10100010 | 
 | 01000111 | 10101001 | 00001000 | 10110011 | 
 | 10101110 | 00011100 | 01110001 | 10100010 | 
 | 00011110 | 10011101 | 11000100 | 11110110 | 
 | 11100110 | 00101110 | 00100110 | 10101100 | 
 | 10010110 | 10110000 | 01000011 | 01110010 | 
 | 00011000 | 11101011 | 10011111 | 11111011 | 
 | 01000011 | 00010010 | 11010100 | 01100101 | 
 | 01010101 | 00111101 | 10100010 | 11001100 | 
 | 01010000 | 11101110 | 00101011 | 10110110 | 
 | 11001011 | 11100100 | 10110111 | 01101011 | 
 | 11000110 | 11001100 | 01100010 | 10100000 | 
 | 10101001 | 10110111 | 01101000 | 01010110 | 
 | 11000000 | 10001100 | 11011010 | 10011001 | 
 | 11111010 | 11111101 | 00000000 | 01010100 | 
 | 11011111 | 00111010 | 01011111 | 11101011 | 
 | 00000110 | 00010011 | 01001001 | 01010011 | 
 | 10001010 | 01001101 | 01100001 | 11110000 | 
 | 11011001 | 01010010 | 11000100 | 00011011 | 
 | 11110010 | 00110001 | 00110000 | 10111101 | 
 | 00010110 | 11101011 | 00001001 | 11101110 | 
 | 01011100 | 00101010 | 10011011 | 11101111 | 
 | 00000111 | 11101010 | 11010110 | 01001100 | 
 | 00010000 | 00010011 | 10001010 | 10001001 | 
 | 01010101 | 11010000 | 11100011 | 11101011 | 
 | 10110011 | 00110000 | 01010100 | 11001011 | 
 | 01110000 | 10110001 | 00011101 | 10100101 | 
 | 01111111 | 10010101 | 01110010 | 10011011 | 
 | 00011100 | 00101010 | 10100100 | 11101010 | 
 | 01000101 | 10010011 | 10101110 | 11001110 | 
 | 11101001 | 00010100 | 01101101 | 01101110 | 
 | 11101001 | 00100111 | 10110010 | 01100001 | 
 | 10000001 | 11111010 | 11010100 | 00010100 | 
 | 11101011 | 00111000 | 11110001 | 01010100 | 
 | 01000011 | 11100100 | 10110111 | 10110001 | 
 | 00110000 | 01010001 | 01001011 | 00100001

R in big-endian:


 | 00100001 | 01001011 | 01010001 | 00110000 | 
 | 10110001 | 10110111 | 11100100 | 01000011 | 
 | 01010100 | 11110001 | 00111000 | 11101011 | 
 | 00010100 | 11010100 | 11111010 | 10000001 | 
 | 01100001 | 10110010 | 00100111 | 11101001 | 
 | 01101110 | 01101101 | 00010100 | 11101001 | 
 | 11001110 | 10101110 | 10010011 | 01000101 | 
 | 11101010 | 10100100 | 00101010 | 00011100 | 
 | 10011011 | 01110010 | 10010101 | 01111111 | 
 | 10100101 | 00011101 | 10110001 | 01110000 | 
 | 11001011 | 01010100 | 00110000 | 10110011 | 
 | 11101011 | 11100011 | 11010000 | 01010101 | 
 | 10001001 | 10001010 | 00010011 | 00010000 | 
 | 01001100 | 11010110 | 11101010 | 00000111 | 
 | 11101111 | 10011011 | 00101010 | 01011100 | 
 | 11101110 | 00001001 | 11101011 | 00010110 | 
 | 10111101 | 00110000 | 00110001 | 11110010 | 
 | 00011011 | 11000100 | 01010010 | 11011001 | 
 | 11110000 | 01100001 | 01001101 | 10001010 | 
 | 01010011 | 01001001 | 00010011 | 00000110 | 
 | 11101011 | 01011111 | 00111010 | 11011111 | 
 | 01010100 | 00000000 | 11111101 | 11111010 | 
 | 10011001 | 11011010 | 10001100 | 11000000 | 
 | 01010110 | 01101000 | 10110111 | 10101001 | 
 | 10100000 | 01100010 | 11001100 | 11000110 | 
 | 01101011 | 10110111 | 11100100 | 11001011 | 
 | 10110110 | 00101011 | 11101110 | 01010000 | 
 | 11001100 | 10100010 | 00111101 | 01010101 | 
 | 01100101 | 11010100 | 00010010 | 01000011 | 
 | 11111011 | 10011111 | 11101011 | 00011000 | 
 | 01110010 | 01000011 | 10110000 | 10010110 | 
 | 10101100 | 00100110 | 00101110 | 11100110 | 
 | 11110110 | 11000100 | 10011101 | 00011110 | 
 | 10100010 | 01110001 | 00011100 | 10101110 | 
 | 10110011 | 00001000 | 10101001 | 01000111 | 
 | 10100010 | 11001010 | 10101001 | 00100001 | 
 | 11100101 | 10000001 | 00101000 | 01001100 | 
 | 10011010 | 11111010 | 10001010 | 01110100 | 
 | 01100100 | 10101010 | 10101100 | 01100110 | 
 | 11101111 | 00000000 | 10011011 | 10011000 | 
 | 10010110 | 01001110 | 11111000 | 10000111 | 
 | 01111010 | 00000001 | 10101011 | 11100000 | 
 | 10101000 | 01000100 | 11100001 | 00010111 | 
 | 11011001 | 01011101 | 11111000 | 10010110 | 
 | 00101110 | 00111000 | 11101111 | 00010111 | 
 | 01101010 | 01101010 | 10011001 | 11011011 | 
 | 01001100 | 00111110 | 10000111 | 01001100 | 
 | 11110101 | 01110010 | 00110101 | 01110101 | 
 | 00100000 | 01101001 | 11001101 | 10010111 | 
 | 10101011 | 10111100 | 11000011 | 01110010 | 
 | 10001001 | 11001011 | 00111110 | 10011110 | 
 | 11100101 | 10101100 | 11001101 | 00011110 | 
 | 01010001 | 01110100 | 01010101 | 00001101 | 
 | 10001100 | 11100100 | 00010011 | 01011101 | 
 | 00010110 | 00110100 | 01101110 | 11110010 | 
 | 11100010 | 11110100 | 11100000 | 01111000 | 
 | 10101111 | 10101111 | 11001000 | 01001111 | 
 | 10001010 | 11011011 | 10010101 | 11100100 | 
 | 10101001 | 11001101 | 01100011 | 01010100 | 
 | 00010010 | 00001011 | 01110000 | 01100010 | 
 | 10010111 | 11111101 | 10001111 | 01110111 | 
 | 01001010 | 11011100 | 11110100 | 11011011 | 
 | 10101111 | 11011010 | 10110000 | 00111101 | 
 | 00101010 | 10110100 | 10101101 | 00010101 | 
 | 01110100 | 00100011 | 10100010 | 10011010 | 
 | 10001100 | 01010111 | 10010010 | 00010001 | 
 | 11001111 | 00110000 | 00011001 | 00110010 | 
 | 11010101 | 00001001 | 10110001 | 11101001 | 
 | 11011010 | 00110110 | 10101010 | 10110100 | 
 | 00100100 | 01111101 | 10011111 | 00111000 | 
 | 10011011 | 01111111 | 00000100 | 10010000 | 
 | 01000101 | 10010111 | 10100011 | 01011101 | 
 | 11000000 | 01000110 | 00100011 | 11110100 | 
 | 11110001 | 01111101 | 01010110 | 10010100 | 
 | 01110100 | 01101000 | 01111011 | 01100000 | 
 | 10110000 | 11100001 | 10011000 | 00011001 | 
 | 00110001 | 01101011 | 10010111 | 01001010 | 
 | 10011100 | 11110100 | 01101101 | 00101000 | 
 | 00011010 | 00111010 | 10010111 | 00001001 | 
 | 10100011 | 11000011 | 00111100 | 11000001 | 
 | 10010001 | 10110111 | 10100101 | 11010001 | 
 | 00010011 | 10110011 | 00111011 | 10100010 | 
 | 00000010 | 11110111 | 01011011 | 00111100 | 
 | 10111001 | 11011111 | 01000011 | 01011100 | 
 | 11110001 | 01010110 | 10111101 | 10110101 | 
 | 10100011 | 11001010 | 11110101 | 11011110 | 
 | 00101011 | 10110000 | 00001111 | 10111110 | 
 | 01001011 | 01100010 | 11010110 | 01001111 | 
 | 10010000 | 01001110 | 01001000 | 01010011 | 
 | 00001110 | 01111011 | 00101010 | 10100110 | 
 | 10011100 | 00010100 | 10011110 | 10100010 | 
 | 10000110 | 01101110 | 00011110 | 10111001 | 
 | 11101110 | 10111001 | 10011000 | 11000100 | 
 | 10000000 | 00100100 | 11010011 | 10100111 | 
 | 01110111 | 00100011 | 11001000 | 01010110 | 
 | 01000101 | 11001101 | 10111110 | 11100111

[SIG_GEN] Parameters to B2B producing 64-byte e:
parm 1 - R_with_prehash:

e7 be cd 45 56 c8 23 77 a7 d3 24 80 c4 98 b9 ee 
b9 1e 6e 86 a2 9e 14 9c a6 2a 7b 0e 53 48 4e 90 
4f d6 62 4b be 0f b0 2b de f5 ca a3 b5 bd 56 f1 
5c 43 df b9 3c 5b f7 02 a2 3b b3 13 d1 a5 b7 91 
c1 3c c3 a3 09 97 3a 1a 28 6d f4 9c 4a 97 6b 31 
19 98 e1 b0 60 7b 68 74 94 56 7d f1 f4 23 46 c0 
5d a3 97 45 90 04 7f 9b 38 9f 7d 24 b4 aa 36 da 
e9 b1 09 d5 32 19 30 cf 11 92 57 8c 9a a2 23 74 
15 ad b4 2a 3d b0 da af db f4 dc 4a 77 8f fd 97 
62 70 0b 12 54 63 cd a9 e4 95 db 8a 4f c8 af af 
78 e0 f4 e2 f2 6e 34 16 5d 13 e4 8c 0d 55 74 51 
1e cd ac e5 9e 3e cb 89 72 c3 bc ab 97 cd 69 20 
75 35 72 f5 4c 87 3e 4c db 99 6a 6a 17 ef 38 2e 
96 f8 5d d9 17 e1 44 a8 e0 ab 01 7a 87 f8 4e 96 
98 9b 00 ef 66 ac aa 64 74 8a fa 9a 4c 28 81 e5 
21 a9 ca a2 47 a9 08 b3 ae 1c 71 a2 1e 9d c4 f6 
e6 2e 26 ac 96 b0 43 72 18 eb 9f fb 43 12 d4 65 
55 3d a2 cc 50 ee 2b b6 cb e4 b7 6b c6 cc 62 a0 
a9 b7 68 56 c0 8c da 99 fa fd 00 54 df 3a 5f eb 
06 13 49 53 8a 4d 61 f0 d9 52 c4 1b f2 31 30 bd 
16 eb 09 ee 5c 2a 9b ef 07 ea d6 4c 10 13 8a 89 
55 d0 e3 eb b3 30 54 cb 70 b1 1d a5 7f 95 72 9b 
1c 2a a4 ea 45 93 ae ce e9 14 6d 6e e9 27 b2 61 
81 fa d4 14 eb 38 f1 54 43 e4 b7 b1 30 51 4b 21 
47 d3 60 12 af 24 fb 02 ec 85 16 a6 77 36 55 c0 
cf b5 58 6c 60 4d 72 3f 95 a0 ea 42 11 db 90 7b 
9a 9a 71 77 fe f7 1a f7 d3 5d 29 df 69 0e a7 4e 
4c 3e 91 9a 06 d9 3f ca 07 6c 65 32 00 b4 5a 94 

parm 2 - len_Rused_PH: 448

parm 3 - 0

parm 4 - 64

parm 5 - out_buf

ENTERED BLAKE2B!!


[SIG_GEN] BLAKE2b(R||PH) produced 64-byte e:

25 ef 90 9f c1 9b a4 7b 59 0b 52 be 5e e0 97 aa 
72 50 45 a0 00 47 11 34 8d 9f 23 8e d6 f4 de fe 
3f 39 ed 8d b7 b6 cd 74 80 8f 09 01 be 77 c2 0a 
34 e2 e6 2a 14 c0 b8 00 32 88 70 09 ab 60 40 b9 

Signature generator computed e and s!!
e:


*******************************
  BIGINT INFO                  
                               
  Bits size :  12800              
  Used bits :  319              
  Free bits :  12481              
*******************************



 | 00100101 | 11101111 | 10010000 | 10011111 | 
 | 11000001 | 10011011 | 10100100 | 01111011 | 
 | 01011001 | 00001011 | 01010010 | 10111110 | 
 | 01011110 | 11100000 | 10010111 | 10101010 | 
 | 01110010 | 01010000 | 01000101 | 10100000 | 
 | 00000000 | 01000111 | 00010001 | 00110100 | 
 | 10001101 | 10011111 | 00100011 | 10001110 | 
 | 11010110 | 11110100 | 11011110 | 11111110 | 
 | 00111111 | 00111001 | 11101101 | 10001101 | 
 | 10110111 | 10110110 | 11001101 | 01110100

s:


*******************************
  BIGINT INFO                  
                               
  Bits size :  12800              
  Used bits :  319              
  Free bits :  12481              
*******************************



 | 11001000 | 11111110 | 10111101 | 01010011 | 
 | 01001101 | 00000110 | 01101100 | 10100101 | 
 | 00000100 | 00011101 | 11100101 | 10110000 | 
 | 01011101 | 01010000 | 01100101 | 11000111 | 
 | 10000001 | 11010111 | 01111000 | 10011101 | 
 | 11101011 | 01101010 | 00111110 | 11010001 | 
 | 10000110 | 00101111 | 10000000 | 00000011 | 
 | 01111000 | 11110011 | 00000101 | 11101010 | 
 | 10000110 | 00100010 | 00100000 | 10010110 | 
 | 11000001 | 01011110 | 10011111 | 01111001

FINISHED SIGNATURE!!
The resulting signature itself is (s,e) both BigInts.
But we have to point the .bits pointer to their returned buffer
Reconstructed BigInts s and e from what's in Signature.

***** s: *****


*******************************
  BIGINT INFO                  
                               
  Bits size :  12800              
  Used bits :  319              
  Free bits :  12481              
*******************************



 | 11001000 | 11111110 | 10111101 | 01010011 | 
 | 01001101 | 00000110 | 01101100 | 10100101 | 
 | 00000100 | 00011101 | 11100101 | 10110000 | 
 | 01011101 | 01010000 | 01100101 | 11000111 | 
 | 10000001 | 11010111 | 01111000 | 10011101 | 
 | 11101011 | 01101010 | 00111110 | 11010001 | 
 | 10000110 | 00101111 | 10000000 | 00000011 | 
 | 01111000 | 11110011 | 00000101 | 11101010 | 
 | 10000110 | 00100010 | 00100000 | 10010110 | 
 | 11000001 | 01011110 | 10011111 | 01111001


***** e: *****


*******************************
  BIGINT INFO                  
                               
  Bits size :  12800              
  Used bits :  319              
  Free bits :  12481              
*******************************



 | 00100101 | 11101111 | 10010000 | 10011111 | 
 | 11000001 | 10011011 | 10100100 | 01111011 | 
 | 01011001 | 00001011 | 01010010 | 10111110 | 
 | 01011110 | 11100000 | 10010111 | 10101010 | 
 | 01110010 | 01010000 | 01000101 | 10100000 | 
 | 00000000 | 01000111 | 00010001 | 00110100 | 
 | 10001101 | 10011111 | 00100011 | 10001110 | 
 | 11010110 | 11110100 | 11011110 | 11111110 | 
 | 00111111 | 00111001 | 11101101 | 10001101 | 
 | 10110111 | 10110110 | 11001101 | 01110100

Ready to call SIGNATURE VALIDATE now!
ENTERED BLAKE2B!!


[SIG_VAL] BLAKE2b produced 64-byte PREHASH:

47 d3 60 12 af 24 fb 02 ec 85 16 a6 77 36 55 c0 
cf b5 58 6c 60 4d 72 3f 95 a0 ea 42 11 db 90 7b 
9a 9a 71 77 fe f7 1a f7 d3 5d 29 df 69 0e a7 4e 
4c 3e 91 9a 06 d9 3f ca 07 6c 65 32 00 b4 5a 94 

[SIG_VAL] s in big-endian:


 | 01111001 | 10011111 | 01011110 | 11000001 | 
 | 10010110 | 00100000 | 00100010 | 10000110 | 
 | 11101010 | 00000101 | 11110011 | 01111000 | 
 | 00000011 | 10000000 | 00101111 | 10000110 | 
 | 11010001 | 00111110 | 01101010 | 11101011 | 
 | 10011101 | 01111000 | 11010111 | 10000001 | 
 | 11000111 | 01100101 | 01010000 | 01011101 | 
 | 10110000 | 11100101 | 00011101 | 00000100 | 
 | 10100101 | 01101100 | 00000110 | 01001101 | 
 | 01010011 | 10111101 | 11111110 | 11001000

[SIG_VAL] e in big-endian:


 | 01110100 | 11001101 | 10110110 | 10110111 | 
 | 10001101 | 11101101 | 00111001 | 00111111 | 
 | 11111110 | 11011110 | 11110100 | 11010110 | 
 | 10001110 | 00100011 | 10011111 | 10001101 | 
 | 00110100 | 00010001 | 01000111 | 00000000 | 
 | 10100000 | 01000101 | 01010000 | 01110010 | 
 | 10101010 | 10010111 | 11100000 | 01011110 | 
 | 10111110 | 01010010 | 00001011 | 01011001 | 
 | 01111011 | 10100100 | 10011011 | 11000001 | 
 | 10011111 | 10010000 | 11101111 | 00100101

---->> We hit the R_L != 0 case at end of Mont_MUL!
---->> We hit the R_L != 0 case at end of Mont_MUL!
---->> We hit the R_L != 0 case at end of Mont_MUL!
---->> We hit the R_L != 0 case at end of Mont_MUL!
---->> We hit the R_L != 0 case at end of Mont_MUL!
---->> We hit the R_L != 0 case at end of Mont_MUL!
---->> We hit the R_L != 0 case at end of Mont_MUL!
---->> We hit the R_L != 0 case at end of Mont_MUL!
---->> We hit the R_L != 0 case at end of Mont_MUL!
---->> We hit the R_L != 0 case at end of Mont_MUL!
---->> We hit the R_L != 0 case at end of Mont_MUL!
---->> We hit the R_L != 0 case at end of Mont_MUL!
---->> We hit the R_L != 0 case at end of Mont_MUL!
---->> We hit the R_L != 0 case at end of Mont_MUL!
---->> We hit the R_L != 0 case at end of Mont_MUL!
---->> We hit the R_L != 0 case at end of Mont_MUL!
[SIG_VAL] R_val = (G^s * A^e) mod M   FINISHED!!!  R_val:



*******************************
  BIGINT INFO                  
                               
  Bits size :  12800              
  Used bits :  3070              
  Free bits :  9730              
*******************************



 | 11100111 | 10111110 | 11001101 | 01000101 | 
 | 01010110 | 11001000 | 00100011 | 01110111 | 
 | 10100111 | 11010011 | 00100100 | 10000000 | 
 | 11000100 | 10011000 | 10111001 | 11101110 | 
 | 10111001 | 00011110 | 01101110 | 10000110 | 
 | 10100010 | 10011110 | 00010100 | 10011100 | 
 | 10100110 | 00101010 | 01111011 | 00001110 | 
 | 01010011 | 01001000 | 01001110 | 10010000 | 
 | 01001111 | 11010110 | 01100010 | 01001011 | 
 | 10111110 | 00001111 | 10110000 | 00101011 | 
 | 11011110 | 11110101 | 11001010 | 10100011 | 
 | 10110101 | 10111101 | 01010110 | 11110001 | 
 | 01011100 | 01000011 | 11011111 | 10111001 | 
 | 00111100 | 01011011 | 11110111 | 00000010 | 
 | 10100010 | 00111011 | 10110011 | 00010011 | 
 | 11010001 | 10100101 | 10110111 | 10010001 | 
 | 11000001 | 00111100 | 11000011 | 10100011 | 
 | 00001001 | 10010111 | 00111010 | 00011010 | 
 | 00101000 | 01101101 | 11110100 | 10011100 | 
 | 01001010 | 10010111 | 01101011 | 00110001 | 
 | 00011001 | 10011000 | 11100001 | 10110000 | 
 | 01100000 | 01111011 | 01101000 | 01110100 | 
 | 10010100 | 01010110 | 01111101 | 11110001 | 
 | 11110100 | 00100011 | 01000110 | 11000000 | 
 | 01011101 | 10100011 | 10010111 | 01000101 | 
 | 10010000 | 00000100 | 01111111 | 10011011 | 
 | 00111000 | 10011111 | 01111101 | 00100100 | 
 | 10110100 | 10101010 | 00110110 | 11011010 | 
 | 11101001 | 10110001 | 00001001 | 11010101 | 
 | 00110010 | 00011001 | 00110000 | 11001111 | 
 | 00010001 | 10010010 | 01010111 | 10001100 | 
 | 10011010 | 10100010 | 00100011 | 01110100 | 
 | 00010101 | 10101101 | 10110100 | 00101010 | 
 | 00111101 | 10110000 | 11011010 | 10101111 | 
 | 11011011 | 11110100 | 11011100 | 01001010 | 
 | 01110111 | 10001111 | 11111101 | 10010111 | 
 | 01100010 | 01110000 | 00001011 | 00010010 | 
 | 01010100 | 01100011 | 11001101 | 10101001 | 
 | 11100100 | 10010101 | 11011011 | 10001010 | 
 | 01001111 | 11001000 | 10101111 | 10101111 | 
 | 01111000 | 11100000 | 11110100 | 11100010 | 
 | 11110010 | 01101110 | 00110100 | 00010110 | 
 | 01011101 | 00010011 | 11100100 | 10001100 | 
 | 00001101 | 01010101 | 01110100 | 01010001 | 
 | 00011110 | 11001101 | 10101100 | 11100101 | 
 | 10011110 | 00111110 | 11001011 | 10001001 | 
 | 01110010 | 11000011 | 10111100 | 10101011 | 
 | 10010111 | 11001101 | 01101001 | 00100000 | 
 | 01110101 | 00110101 | 01110010 | 11110101 | 
 | 01001100 | 10000111 | 00111110 | 01001100 | 
 | 11011011 | 10011001 | 01101010 | 01101010 | 
 | 00010111 | 11101111 | 00111000 | 00101110 | 
 | 10010110 | 11111000 | 01011101 | 11011001 | 
 | 00010111 | 11100001 | 01000100 | 10101000 | 
 | 11100000 | 10101011 | 00000001 | 01111010 | 
 | 10000111 | 11111000 | 01001110 | 10010110 | 
 | 10011000 | 10011011 | 00000000 | 11101111 | 
 | 01100110 | 10101100 | 10101010 | 01100100 | 
 | 01110100 | 10001010 | 11111010 | 10011010 | 
 | 01001100 | 00101000 | 10000001 | 11100101 | 
 | 00100001 | 10101001 | 11001010 | 10100010 | 
 | 01000111 | 10101001 | 00001000 | 10110011 | 
 | 10101110 | 00011100 | 01110001 | 10100010 | 
 | 00011110 | 10011101 | 11000100 | 11110110 | 
 | 11100110 | 00101110 | 00100110 | 10101100 | 
 | 10010110 | 10110000 | 01000011 | 01110010 | 
 | 00011000 | 11101011 | 10011111 | 11111011 | 
 | 01000011 | 00010010 | 11010100 | 01100101 | 
 | 01010101 | 00111101 | 10100010 | 11001100 | 
 | 01010000 | 11101110 | 00101011 | 10110110 | 
 | 11001011 | 11100100 | 10110111 | 01101011 | 
 | 11000110 | 11001100 | 01100010 | 10100000 | 
 | 10101001 | 10110111 | 01101000 | 01010110 | 
 | 11000000 | 10001100 | 11011010 | 10011001 | 
 | 11111010 | 11111101 | 00000000 | 01010100 | 
 | 11011111 | 00111010 | 01011111 | 11101011 | 
 | 00000110 | 00010011 | 01001001 | 01010011 | 
 | 10001010 | 01001101 | 01100001 | 11110000 | 
 | 11011001 | 01010010 | 11000100 | 00011011 | 
 | 11110010 | 00110001 | 00110000 | 10111101 | 
 | 00010110 | 11101011 | 00001001 | 11101110 | 
 | 01011100 | 00101010 | 10011011 | 11101111 | 
 | 00000111 | 11101010 | 11010110 | 01001100 | 
 | 00010000 | 00010011 | 10001010 | 10001001 | 
 | 01010101 | 11010000 | 11100011 | 11101011 | 
 | 10110011 | 00110000 | 01010100 | 11001011 | 
 | 01110000 | 10110001 | 00011101 | 10100101 | 
 | 01111111 | 10010101 | 01110010 | 10011011 | 
 | 00011100 | 00101010 | 10100100 | 11101010 | 
 | 01000101 | 10010011 | 10101110 | 11001110 | 
 | 11101001 | 00010100 | 01101101 | 01101110 | 
 | 11101001 | 00100111 | 10110010 | 01100001 | 
 | 10000001 | 11111010 | 11010100 | 00010100 | 
 | 11101011 | 00111000 | 11110001 | 01010100 | 
 | 01000011 | 11100100 | 10110111 | 10110001 | 
 | 00110000 | 01010001 | 01001011 | 00100001

[SIG_VAL] R_val in big-endian:


 | 00100001 | 01001011 | 01010001 | 00110000 | 
 | 10110001 | 10110111 | 11100100 | 01000011 | 
 | 01010100 | 11110001 | 00111000 | 11101011 | 
 | 00010100 | 11010100 | 11111010 | 10000001 | 
 | 01100001 | 10110010 | 00100111 | 11101001 | 
 | 01101110 | 01101101 | 00010100 | 11101001 | 
 | 11001110 | 10101110 | 10010011 | 01000101 | 
 | 11101010 | 10100100 | 00101010 | 00011100 | 
 | 10011011 | 01110010 | 10010101 | 01111111 | 
 | 10100101 | 00011101 | 10110001 | 01110000 | 
 | 11001011 | 01010100 | 00110000 | 10110011 | 
 | 11101011 | 11100011 | 11010000 | 01010101 | 
 | 10001001 | 10001010 | 00010011 | 00010000 | 
 | 01001100 | 11010110 | 11101010 | 00000111 | 
 | 11101111 | 10011011 | 00101010 | 01011100 | 
 | 11101110 | 00001001 | 11101011 | 00010110 | 
 | 10111101 | 00110000 | 00110001 | 11110010 | 
 | 00011011 | 11000100 | 01010010 | 11011001 | 
 | 11110000 | 01100001 | 01001101 | 10001010 | 
 | 01010011 | 01001001 | 00010011 | 00000110 | 
 | 11101011 | 01011111 | 00111010 | 11011111 | 
 | 01010100 | 00000000 | 11111101 | 11111010 | 
 | 10011001 | 11011010 | 10001100 | 11000000 | 
 | 01010110 | 01101000 | 10110111 | 10101001 | 
 | 10100000 | 01100010 | 11001100 | 11000110 | 
 | 01101011 | 10110111 | 11100100 | 11001011 | 
 | 10110110 | 00101011 | 11101110 | 01010000 | 
 | 11001100 | 10100010 | 00111101 | 01010101 | 
 | 01100101 | 11010100 | 00010010 | 01000011 | 
 | 11111011 | 10011111 | 11101011 | 00011000 | 
 | 01110010 | 01000011 | 10110000 | 10010110 | 
 | 10101100 | 00100110 | 00101110 | 11100110 | 
 | 11110110 | 11000100 | 10011101 | 00011110 | 
 | 10100010 | 01110001 | 00011100 | 10101110 | 
 | 10110011 | 00001000 | 10101001 | 01000111 | 
 | 10100010 | 11001010 | 10101001 | 00100001 | 
 | 11100101 | 10000001 | 00101000 | 01001100 | 
 | 10011010 | 11111010 | 10001010 | 01110100 | 
 | 01100100 | 10101010 | 10101100 | 01100110 | 
 | 11101111 | 00000000 | 10011011 | 10011000 | 
 | 10010110 | 01001110 | 11111000 | 10000111 | 
 | 01111010 | 00000001 | 10101011 | 11100000 | 
 | 10101000 | 01000100 | 11100001 | 00010111 | 
 | 11011001 | 01011101 | 11111000 | 10010110 | 
 | 00101110 | 00111000 | 11101111 | 00010111 | 
 | 01101010 | 01101010 | 10011001 | 11011011 | 
 | 01001100 | 00111110 | 10000111 | 01001100 | 
 | 11110101 | 01110010 | 00110101 | 01110101 | 
 | 00100000 | 01101001 | 11001101 | 10010111 | 
 | 10101011 | 10111100 | 11000011 | 01110010 | 
 | 10001001 | 11001011 | 00111110 | 10011110 | 
 | 11100101 | 10101100 | 11001101 | 00011110 | 
 | 01010001 | 01110100 | 01010101 | 00001101 | 
 | 10001100 | 11100100 | 00010011 | 01011101 | 
 | 00010110 | 00110100 | 01101110 | 11110010 | 
 | 11100010 | 11110100 | 11100000 | 01111000 | 
 | 10101111 | 10101111 | 11001000 | 01001111 | 
 | 10001010 | 11011011 | 10010101 | 11100100 | 
 | 10101001 | 11001101 | 01100011 | 01010100 | 
 | 00010010 | 00001011 | 01110000 | 01100010 | 
 | 10010111 | 11111101 | 10001111 | 01110111 | 
 | 01001010 | 11011100 | 11110100 | 11011011 | 
 | 10101111 | 11011010 | 10110000 | 00111101 | 
 | 00101010 | 10110100 | 10101101 | 00010101 | 
 | 01110100 | 00100011 | 10100010 | 10011010 | 
 | 10001100 | 01010111 | 10010010 | 00010001 | 
 | 11001111 | 00110000 | 00011001 | 00110010 | 
 | 11010101 | 00001001 | 10110001 | 11101001 | 
 | 11011010 | 00110110 | 10101010 | 10110100 | 
 | 00100100 | 01111101 | 10011111 | 00111000 | 
 | 10011011 | 01111111 | 00000100 | 10010000 | 
 | 01000101 | 10010111 | 10100011 | 01011101 | 
 | 11000000 | 01000110 | 00100011 | 11110100 | 
 | 11110001 | 01111101 | 01010110 | 10010100 | 
 | 01110100 | 01101000 | 01111011 | 01100000 | 
 | 10110000 | 11100001 | 10011000 | 00011001 | 
 | 00110001 | 01101011 | 10010111 | 01001010 | 
 | 10011100 | 11110100 | 01101101 | 00101000 | 
 | 00011010 | 00111010 | 10010111 | 00001001 | 
 | 10100011 | 11000011 | 00111100 | 11000001 | 
 | 10010001 | 10110111 | 10100101 | 11010001 | 
 | 00010011 | 10110011 | 00111011 | 10100010 | 
 | 00000010 | 11110111 | 01011011 | 00111100 | 
 | 10111001 | 11011111 | 01000011 | 01011100 | 
 | 11110001 | 01010110 | 10111101 | 10110101 | 
 | 10100011 | 11001010 | 11110101 | 11011110 | 
 | 00101011 | 10110000 | 00001111 | 10111110 | 
 | 01001011 | 01100010 | 11010110 | 01001111 | 
 | 10010000 | 01001110 | 01001000 | 01010011 | 
 | 00001110 | 01111011 | 00101010 | 10100110 | 
 | 10011100 | 00010100 | 10011110 | 10100010 | 
 | 10000110 | 01101110 | 00011110 | 10111001 | 
 | 11101110 | 10111001 | 10011000 | 11000100 | 
 | 10000000 | 00100100 | 11010011 | 10100111 | 
 | 01110111 | 00100011 | 11001000 | 01010110 | 
 | 01000101 | 11001101 | 10111110 | 11100111

[SIG_VAL] Parameters to B2B producing 64-byte e:
parm 1 - R_with_prehash:

e7 be cd 45 56 c8 23 77 a7 d3 24 80 c4 98 b9 ee 
b9 1e 6e 86 a2 9e 14 9c a6 2a 7b 0e 53 48 4e 90 
4f d6 62 4b be 0f b0 2b de f5 ca a3 b5 bd 56 f1 
5c 43 df b9 3c 5b f7 02 a2 3b b3 13 d1 a5 b7 91 
c1 3c c3 a3 09 97 3a 1a 28 6d f4 9c 4a 97 6b 31 
19 98 e1 b0 60 7b 68 74 94 56 7d f1 f4 23 46 c0 
5d a3 97 45 90 04 7f 9b 38 9f 7d 24 b4 aa 36 da 
e9 b1 09 d5 32 19 30 cf 11 92 57 8c 9a a2 23 74 
15 ad b4 2a 3d b0 da af db f4 dc 4a 77 8f fd 97 
62 70 0b 12 54 63 cd a9 e4 95 db 8a 4f c8 af af 
78 e0 f4 e2 f2 6e 34 16 5d 13 e4 8c 0d 55 74 51 
1e cd ac e5 9e 3e cb 89 72 c3 bc ab 97 cd 69 20 
75 35 72 f5 4c 87 3e 4c db 99 6a 6a 17 ef 38 2e 
96 f8 5d d9 17 e1 44 a8 e0 ab 01 7a 87 f8 4e 96 
98 9b 00 ef 66 ac aa 64 74 8a fa 9a 4c 28 81 e5 
21 a9 ca a2 47 a9 08 b3 ae 1c 71 a2 1e 9d c4 f6 
e6 2e 26 ac 96 b0 43 72 18 eb 9f fb 43 12 d4 65 
55 3d a2 cc 50 ee 2b b6 cb e4 b7 6b c6 cc 62 a0 
a9 b7 68 56 c0 8c da 99 fa fd 00 54 df 3a 5f eb 
06 13 49 53 8a 4d 61 f0 d9 52 c4 1b f2 31 30 bd 
16 eb 09 ee 5c 2a 9b ef 07 ea d6 4c 10 13 8a 89 
55 d0 e3 eb b3 30 54 cb 70 b1 1d a5 7f 95 72 9b 
1c 2a a4 ea 45 93 ae ce e9 14 6d 6e e9 27 b2 61 
81 fa d4 14 eb 38 f1 54 43 e4 b7 b1 30 51 4b 21 
47 d3 60 12 af 24 fb 02 ec 85 16 a6 77 36 55 c0 
cf b5 58 6c 60 4d 72 3f 95 a0 ea 42 11 db 90 7b 
9a 9a 71 77 fe f7 1a f7 d3 5d 29 df 69 0e a7 4e 
4c 3e 91 9a 06 d9 3f ca 07 6c 65 32 00 b4 5a 94 

parm 2 - len_Rused_PH: 448

parm 3 - 0

parm 4 - 64

parm 5 - out_buf

ENTERED BLAKE2B!!


[SIG_VAL] BLAKE2b produced 64-byte e_val:

25 ef 90 9f c1 9b a4 7b 59 0b 52 be 5e e0 97 aa 
72 50 45 a0 00 47 11 34 8d 9f 23 8e d6 f4 de fe 
3f 39 ed 8d b7 b6 cd 74 80 8f 09 01 be 77 c2 0a 
34 e2 e6 2a 14 c0 b8 00 32 88 70 09 ab 60 40 b9 

FINISHED VALIDATING THE SIGNATURE!
Valid Signature: YES
